acc = 0.9884
eval_loss = 0.048905592226947195
global_step = 19893
loss = 0.00777065847750426
